-0.897017 0.544924 1
-0.670837 0.791693 1
-0.497377 0.178109 -1
-0.657128 0.674496 1
-0.623314 0.336653 1
-0.496050 0.415861 1
-0.576179 0.734395 1
-0.567638 0.788379 1
-0.591773 0.362160 -1
-0.259964 0.923691 1
-0.099524 0.829648 -1
-0.793244 0.197259 1
-0.461667 0.937864 1
-0.568378 0.603199 1
-0.001046 0.802368 -1
-0.274897 0.268847 -1
-0.758846 0.041807 1
-0.089211 0.502733 1
-0.751172 0.102357 1
-0.810399 0.610168 1
-0.459554 0.688564 1
-0.526479 0.671129 1
-0.464128 0.552645 1
-0.583674 0.035212 1
-0.317945 0.674050 1
0.550281 -0.202000 1
0.941956 -0.641161 -1
0.533887 -0.467787 1
0.923678 -0.791428 1
0.900606 -0.533803 1
0.603323 -0.367007 1
0.088301 -0.803184 1
0.699394 -0.578661 1
0.195358 -0.136299 1
0.317289 -0.939789 -1
0.978685 -0.410578 1
0.881330 -0.890219 1
0.283067 -0.561339 -1
0.131062 -0.199912 1
0.222411 -0.960634 1
0.796233 -0.180609 1
0.915934 -0.478945 1
0.029558 -0.202524 1
0.406046 -0.964184 -1
0.886571 -0.727931 -1
0.788540 -0.179854 1
0.567461 -0.965749 1
0.324407 -0.752514 -1
0.040851 -0.622488 -1
0.669837 -0.391053 -1
-0.860462 -0.860855 -1
-0.638514 -0.158956 -1
-0.570741 -0.623180 -1
-0.887949 -0.425883 -1
-0.475141 -0.098807 -1
-0.100354 -0.627508 -1
-0.100166 -0.784983 -1
-0.040970 -0.682814 1
-0.837735 -0.004230 1
-0.870755 -0.314256 1
-0.328468 -0.139188 -1
-0.043463 -0.763853 1
-0.618379 -0.293768 -1
-0.037609 -0.543455 -1
-0.648235 -0.306275 -1
-0.652855 -0.607813 1
-0.466678 -0.194632 -1
-0.855117 -0.622920 -1
-0.195061 -0.044926 -1
-0.358237 -0.894621 -1
-0.362048 -0.397251 -1
-0.179924 -0.250904 -1
-0.601928 -0.978117 -1
-0.996467 -0.067499 -1
-0.345048 -0.680275 -1
0.234143 0.615320 -1
0.236582 0.112898 -1
0.868654 0.790289 -1
0.251964 0.410262 -1
0.583354 0.910709 -1
0.703057 0.945935 -1
0.205917 0.829692 -1
0.489173 0.308156 -1
0.438319 0.514047 -1
0.367238 0.002975 -1
0.533615 0.911222 -1
0.655672 0.638825 -1
0.704111 0.236993 -1
0.063744 0.159056 -1
0.908264 0.112678 -1
0.413551 0.767682 -1
0.905110 0.038706 -1
0.338624 0.014699 -1
0.681889 0.028359 -1
0.429271 0.102196 1
0.807679 0.062897 -1
0.682869 0.788420 -1
0.061648 0.919907 1
0.735611 0.828265 -1
0.947241 0.574197 -1
